image: levineB.png
resolution: 0.050000
origin: [-25.0, -12.75, 0.000000]
negate: 0
occupied_thresh: 0.65
free_thresh: 0.196
